frail <-
structure(c(1, 0.71, -0.01, 0.34, 0.34, 0.12, 0.16, 0.11, 0.03, 
-0.1, 0.88, -0.03, 0.01, 0.71, 1, 0.13, 0.26, 0.33, 0.14, 0.31, 
0.28, 0.11, -0.17, 0.64, 0.09, -0.09, -0.01, 0.13, 1, 0.18, 0.16, 
0.26, 0.35, 0.18, 0.25, -0.34, -0.09, 0.89, -0.43, 0.34, 0.26, 
0.18, 1, 0.32, 0.31, 0.28, 0.24, 0.18, -0.26, 0.25, 0.16, -0.12, 
0.34, 0.33, 0.16, 0.32, 1, 0.25, 0.28, 0.24, 0.19, -0.13, 0.28, 
0.13, -0.12, 0.12, 0.14, 0.26, 0.31, 0.25, 1, 0.21, 0.15, 0.36, 
-0.21, 0.08, 0.27, -0.22, 0.16, 0.31, 0.35, 0.28, 0.28, 0.21, 
1, 0.56, 0.3, -0.15, 0.13, 0.3, -0.27, 0.11, 0.28, 0.18, 0.24, 
0.24, 0.15, 0.56, 1, 0.17, -0.11, 0.13, 0.14, -0.15, 0.03, 0.11, 
0.25, 0.18, 0.19, 0.36, 0.3, 0.17, 1, -0.15, 0.01, 0.22, -0.09, 
-0.1, -0.17, -0.34, -0.26, -0.13, -0.21, -0.15, -0.11, -0.15, 
1, -0.04, -0.31, 0.25, 0.88, 0.64, -0.09, 0.25, 0.28, 0.08, 0.13, 
0.13, 0.01, -0.04, 1, -0.1, 0.03, -0.03, 0.09, 0.89, 0.16, 0.13, 
0.27, 0.3, 0.14, 0.22, -0.31, -0.1, 1, -0.42, 0.01, -0.09, -0.43, 
-0.12, -0.12, -0.22, -0.27, -0.15, -0.09, 0.25, 0.03, -0.42, 
1), .Dim = c(13L, 13L), .Dimnames = list(c("arm", "skinfold", 
"fastwalk", "gripstr", "pinchstr", "upextstr", "kneeext", "hipext", 
"shldrrot", "pegboard", "bmi", "uslwalk", "chrstand"), c("arm", 
"skinfold", "fastwalk", "gripstr", "pinchstr", "upextstr", "kneeext", 
"hipext", "shldrrot", "pegboard", "bmi", "uslwalk", "chrstand"
)))
